_C_70b424b8_0 8c 0 558 0 0 2535642e 0 696d6520 0 61742074 0 696e6720 0 6c617070 0 6f766572 0 61726520 0 25356420 0 64202620 0 65202535 0 204c696e 0 20202020 0 a202020 0 256d2e20 0 666f7220 0 37352c20 0 696e6520 0 222c206c 0 302e7376 0 6d617831 0 5f617267 0 74657374 0 22666173 0 20202020 0 20202020 0 6e742e0a 0 74656d65 0 20737461 0 61736527 0 75652063 0 756e6971 0 696e2027 0 74636820 0 73206d61 0 74696f6e 0 6f6e6469 0 6e652063 0 616e206f 0 65207468 0 204d6f72 0 696e673a 0 5761726e 0 525420 
_C_da94b303_0 8c 0 160 0 0 7175616c 0 62652065 0 61797320 0 20616c77 0 6f756c64 0 73207368 0 6d626572 0 67206e75 0 6f77696e 0 666f6c6c 0 54686520 
_C_f0a7afba_0 8c 0 110 0 0 2e646174 0 73253064 0 69676874 0 795f7765 0 696e6172 0 66635f62 0 7574732f 0 2f696e70 0 2e2e 
_C_bf35e41e_0 8c 0 40 0 0 73646173 0 61736461 
_C_1cba298d_0 8c 0 e8 0 0 2e646174 0 6c253064 0 65726e65 0 76325f6b 0 2f636f6e 0 70757473 0 2e2f696e 0 2e 
_C_ed980e7f_0 8c 0 8 0 0 72 
_C_b469fee_0 8c 0 68 0 0 74696e67 0 646f756e 0 6f6e6520 0 44 
_C_68b12f30_0 84 0 3bf 0 0 0 0 0 0 0 0 0 0 0 0 0 0 0 0 0 0 0 0 0 0 0 0 0 0 0 0 0 0 0 0 0 0 0 0 0 0 0 0 0 0 0 0 0 0 0 0 0 0 0 0 0 0 0 0 0 0 0 0 0 
_C_30b0b70_0 8c 0 28 0 0 64202562 0 25 
_C_7227aea9_0 8c 0 18 0 0 53756d 
_C_57b553ce_0 8c 0 10 0 0 2564 
_C_ccc477ba_0 8c 0 28 0 0 64202564 0 25 
_C_ffbbf671_0 8c 0 28 0 0 61736663 0 61 
_C_eb5c5b3b_0 8c 0 18 0 0 256420 
_C_c5cd85d6_0 8c 0 b0 0 0 2e646174 0 65253064 0 696d6167 0 7574732f 0 2f696e70 0 2e2e 
_C_a68b4c51_0 8c 0 90 0 0 2e766364 0 74707574 0 745f6f75 0 7272656e 0 6375 
_C_2f1ecb8b_0 8c 0 38 0 0 6f756e74 0 6b2063 
_C_5ef6609c_0 8c 0 58 0 0 56333257 0 20434f4e 0 53756d 
_C_e0e0f300_0 8c 0 d0 0 0 2e646174 0 74253064 0 75747075 0 66635f6f 0 7574732f 0 2f696e70 0 2e2e 
_C_c53acc48_0 8c 0 68 0 0 74696f6e 0 7474656e 0 61792061 0 70 
_C_a66440fb_0 8c 0 18 0 0 256220 
_C_8abadd30_0 8c 0 d8 0 0 2e646174 0 73253064 0 69676874 0 635f7765 0 74732f66 0 696e7075 0 2e2e2f 
_C_b35bc3_0 84 0 20 0 0 0 
_C_ad4ad0d_0 84 0 20 0 0 1 
_C_351a8780_0 94 0 20 0 0 0 
_C_3f7d714e_0 94 0 20 0 0 1 
_C_c144bffc_0 8c 0 50 0 0 2d2d2d2d 0 2d2d2d2d 0 2d2d 
_C_86a08e4f_0 8c 0 d8 0 0 2e646174 0 73253064 0 5f626961 0 6f6e7631 0 74732f63 0 696e7075 0 2e2e2f 
_C_53a11a9e_0 8c 0 d8 0 0 2e646174 0 73253064 0 5f626961 0 6f6e7632 0 74732f63 0 696e7075 0 2e2e2f 
_C_4a18cfc2_0 8c 0 e8 0 0 2e646174 0 6c253064 0 65726e65 0 76315f6b 0 2f636f6e 0 70757473 0 2e2f696e 0 2e 
